00137348 human 320 190 337 231 0
00137349 human 311 193 329 253 0
00137351 human 256 184 272 197 1
00137352 human 294 119 304 156 1
00137353 human 304 129 315 162 1
00137354 human 311 128 318 155 1
00137355 human 204 127 216 159 1
00137356 human 129 99 137 115 1
00137357 human 138 98 145 115 1
00137358 human 175 116 180 137 1
00137359 human 191 113 200 141 1
00137360 human 300 113 310 134 1
00137361 human 84 128 95 157 0
00137362 human 88 122 95 131 0
00137363 human 67 112 73 120 0
00137364 human 146 141 163 163 0
00137370 human 93 82 97 90 0
00137371 human 87 82 91 92 0
00137372 human 86 85 90 92 1
00137373 human 73 86 81 93 0
00137376 vehicle 129 159 230 201 0
00137377 vehicle 170 194 319 260 0
00137378 vehicle 150 180 258 228 0
00137379 vehicle 363 203 384 258 1
00137380 bicycle 134 147 146 159 0
