00099086 human 259 141 271 179 1
00099088 human 105 112 118 129 0
00099094 vehicle 191 193 257 207 0
00099095 vehicle 209 180 294 194 1
00099097 vehicle 140 163 225 187 0
00099099 human 242 144 255 179 1
00099102 human 156 93 162 108 1
00099103 human 162 93 167 108 1
00099105 human 131 106 138 130 1
00099106 human 139 109 145 131 1
00099107 vehicle 178 205 312 272 0
00099108 human 157 110 164 131 1
00099109 human 224 111 234 128 1
00099110 bicycle 223 126 235 136 1
00099111 human 321 153 334 192 1
00099112 human 335 151 349 191 1
00099116 human 105 113 118 129 0
